FUNC : (x1-1)^4 + (x1-1)^2 + (x2-5)^2

STEP       x1         x2         fx         d
START      -20.00000000 15.00000000 195022.00000000 0.40000000
[01, A]    -19.60000018 14.99962547 180605.76824798 0.40000000
[02, C]    -19.20000035 14.99925094 167004.67819542 0.80000000
[03, C]    -18.40000070 14.99850187 142123.20015081 1.60000000
[04, C]    -16.80000140 14.99700375 100804.39737828 3.20000000
[05, C]    -13.60000281 14.99400749 45750.26079185 6.40000000
[06, C]    -13.32777850 4.07656371 42348.16641886 12.80000000
[07, C]    -13.32778009 0.00000000 42372.33243354 16.41701917
[08, D]    -13.32778009 0.00000000 42372.33243354 32.83403834
[09, A]    -8.87685774 0.00000000 9639.00721413 4.45092235
[10, D]    -8.87685774 0.00000000 9639.00721413 8.90184471
[11, A]    -5.90541464 0.00000000 2346.52025606 2.97144310
[12, D]    -5.90541464 0.00000000 2346.52025606 5.94288620
[13, A]    -3.91821746 0.00000000 634.28995429 1.98719718
[14, D]    -3.91821746 0.00000000 634.28995429 3.97439435
[15, A]    -2.58409195 0.00000000 202.85811177 1.33412551
[16, D]    -2.58409195 0.00000000 202.85811177 2.66825101
[17, A]    -1.68077691 0.00000000 83.83327914 0.90331504
[18, D]    -1.68077691 0.00000000 83.83327914 1.80663008
[19, A]    -1.05809377 0.00000000 47.17732785 0.62268314
[20, D]    -1.05809377 0.00000000 47.17732785 1.24536628
[21, A]    -0.61399224 0.00000000 34.39084470 0.44410153
[22, D]    -0.61399224 0.00000000 34.39084470 0.88820306
[23, A]    -0.28384124 0.00000000 29.36497088 0.33015101
[24, D]    -0.28384124 0.00000000 29.36497088 0.66030201
[25, A]    -0.06166371 0.00000000 27.39755148 0.22217753
[26, D]    -0.06166371 0.00000000 27.39755148 0.44435506
[27, A]    -0.00091696 0.00000000 27.00550767 0.06074674
[28, D]    -0.00091696 0.00000000 27.00550767 0.12149349
[29, A]    -0.00000000 0.00000000 27.00000002 0.00091696
[30, D]    -0.00000000 0.00000000 27.00000002 0.00183392
[31, A]    0.00000000 0.00000000 27.00000000 0.00000000
[32, D]    0.00000000 0.00000000 27.00000000 0.00000001

-----------------------------------------------------------------------------------------

FUNC: 100(x2 - x1^2)^2 + (1 - x1)^2

STEP       x1         x2         fx         d
START      -20.00000000 15.00000000 14822941.00000000 0.40000000
[01, A]    -19.60012494 15.00999674 13627958.44702362 0.40000000
[02, C]    -19.20024988 15.01999348 12505797.57862693 0.80000000
[03, C]    -18.40049975 15.03998696 10468086.27648250 1.60000000
[04, C]    -16.80099950 15.07997392 7139559.42050444 3.20000000
[05, C]    -13.60199901 15.15994784 2885265.92969732 6.40000000
[06, C]    -13.68871425 26.13587321 2600211.55171146 12.80000000
[07, C]    -13.92052022 39.86764817 2369151.01746703 25.60000000
[08, C]    -14.35977609 65.88838644 1969059.75221550 51.20000000
[09, C]    -15.22746474 117.28872327 1313280.45317222 102.40000000
[10, C]    -16.95757524 219.77740025 459761.85351028 204.80000000
[11, C]    -19.99972728 399.98909105 440.98854568 384.98909105
[12, D]    -19.99972728 399.98909105 440.98854568 769.97818210
[13, A]    -0.75601214 -369.74857877 13713703.18389997 769.97818210
[14, B]    -18.07523771 323.01532702 1732.04432403 76.99781821
[15, B]    -19.80716027 392.29171760 433.03955300 7.69978182
[16, C]    -19.61472443 384.59434087 427.01386422 15.39956364
[17, D]    -19.61472443 384.59434087 443.78010764 30.79912728
[18, A]    -18.91862647 357.42987517 420.23077980 27.17338310
[19, A]    -18.71518933 350.21692504 388.85997602 7.21581847
[20, D]    -18.71518933 350.21692504 388.85997602 14.43163694
[21, A]    -18.32854752 335.79046834 375.70063992 14.43163694
[22, D]    -18.32854752 335.79046834 393.97130486 28.86327389
[23, A]    -17.68505954 312.34725410 366.27740788 23.45204406
[24, A]    -17.46212832 304.87622708 341.09717444 7.47435235
[25, D]    -17.46212832 304.87622708 341.09717444 14.94870469
[26, A]    -17.03273698 289.93369065 328.43540934 14.94870469
[27, D]    -17.03273698 289.93369065 328.43540934 29.89740938
[28, A]    -16.54651825 273.55085770 313.46920798 16.39004649
[29, D]    -16.54651825 273.55085770 313.46920798 32.78009299
[30, A]    -16.18309884 261.76061441 297.00323121 11.79584294
[31, D]    -16.18309884 261.76061441 297.00323121 23.59168587
[32, A]    -15.55631549 241.60609435 289.54527361 20.16426384
[33, A]    -15.34824701 235.52539385 267.45260436 6.08425928
[34, D]    -15.34824701 235.52539385 267.45260436 12.16851856
[35, A]    -14.95050194 223.36337745 256.79413950 12.16851856
[36, D]    -14.95050194 223.36337745 281.30872449 24.33703713
[37, A]    -14.44932582 208.53183912 244.99068196 14.84000359
[38, D]    -14.44932582 208.53183912 244.99068196 29.68000719
[39, A]    -14.14779025 200.06904519 230.28226132 8.46816420
[40, D]    -14.14779025 200.06904519 230.28226132 16.93632839
[41, A]    -13.54635908 183.14339897 224.58864508 16.93632839
[42, A]    -13.34733670 178.11178714 206.00296491 5.03554640
[43, D]    -13.34733670 178.11178714 206.00296491 10.07109280
[44, A]    -12.96869613 168.04781468 197.06393592 10.07109280
[45, D]    -12.96869613 168.04781468 217.00726749 20.14218560
[46, A]    -12.48456173 155.62989549 187.32709028 12.42735303
[47, D]    -12.48456173 155.62989549 187.32709028 24.85470606
[48, A]    -12.20291295 148.83175837 174.94617232 6.80396901
[49, D]    -12.20291295 148.83175837 174.94617232 13.60793802
[50, A]    -11.64250354 135.23536479 169.60001979 13.60793802
[51, A]    -11.44342404 130.91232105 154.99587647 4.32762520
[52, D]    -11.44342404 130.91232105 154.99587647 8.65525040
[53, A]    -11.06370818 122.26540394 147.49963586 8.65525040
[54, D]    -11.06370818 122.26540394 147.49963586 17.31050080
[55, A]    -10.64839086 113.21573934 138.66023720 9.05918970
[56, D]    -10.64839086 113.21573934 138.66023720 18.11837940
[57, A]    -10.32024588 106.39979585 129.30744617 6.82383797
[58, D]    -10.32024588 106.39979585 129.30744617 13.64767595
[59, A]    -9.81792365 96.13929727 123.39439478 10.27278729
[60, D]    -9.81792365 96.13929727 123.39439478 20.54557459
[61, A]    -9.60772617 92.26421912 112.71906805 3.88077487
[62, D]    -9.60772617 92.26421912 112.71906805 7.76154975
[63, A]    -9.20187836 84.51328743 106.67937740 7.76154975
[64, D]    -9.20187836 84.51328743 106.67937740 15.52309950
[65, A]    -8.89510639 79.02880863 98.79878161 5.49305168
[66, D]    -8.89510639 79.02880863 98.79878161 10.98610336
[67, A]    -8.39590337 70.24198982 94.49324614 8.80098793
[68, A]    -8.21109282 67.38789040 84.96088697 2.86007665
[69, D]    -8.21109282 67.38789040 84.96088697 5.72015330
[70, A]    -7.86110781 61.67845397 79.92492649 5.72015330
[71, D]    -7.86110781 61.67845397 79.92492649 11.44030661
[72, A]    -7.50253853 56.15951245 73.94623551 5.53057750
[73, D]    -7.50253853 56.15951245 73.94623551 11.06115499
[74, A]    -7.18426288 51.51233368 68.00831549 4.65806504
[75, D]    -7.18426288 51.51233368 68.00831549 9.31613007
[76, A]    -6.79930005 46.08228474 63.02529792 5.44367779
[77, D]    -6.79930005 46.08228474 63.02529792 10.88735558
[78, A]    -6.54474769 42.76892536 57.34308152 3.32312312
[79, D]    -6.54474769 42.76892536 57.34308152 6.64624624
[80, A]    -6.03352379 36.14236976 56.28462138 6.64624624
[81, A]    -5.90133435 34.80827303 47.65895001 1.34062975
[82, D]    -5.90133435 34.80827303 47.65895001 2.68125950
[83, A]    -5.67308494 32.13674637 44.75234095 2.68125950
[84, C]    -5.44679405 29.46505275 45.66229143 5.36251899
[85, A]    -5.29145909 27.97541040 39.64067815 1.49771935
[86, D]    -5.29145909 27.97541040 39.64067815 2.99543871
[87, A]    -5.00700272 24.99350872 36.67034082 2.99543871
[88, D]    -5.00700272 24.99350872 42.87067595 5.99087741
[89, A]    -4.63878018 21.38269374 33.63424819 3.62954167
[90, D]    -4.63878018 21.38269374 33.63424819 7.25908333
[91, A]    -4.43823723 19.65773221 29.73616869 1.73657990
[92, D]    -4.43823723 19.65773221 29.73616869 3.47315979
[93, A]    -4.04471325 16.20693841 27.78290425 3.47315979
[94, A]    -3.88483455 15.06637831 23.92694610 1.15171114
[95, D]    -3.88483455 15.06637831 23.92694610 2.30342228
[96, A]    -3.58706784 12.78228348 21.75982370 2.30342228
[97, D]    -3.58706784 12.78228348 21.75982370 4.60684457
[98, A]    -3.33158404 11.03418024 19.18866330 1.76667396
[99, D]    -3.33158404 11.03418024 19.18866330 3.53334793
[100, A]    -3.02338263 9.04585443 17.08988186 2.01207048
[101, D]    -3.02338263 9.04585443 17.08988186 4.02414096
[102, A]    -2.82218957 7.92427534 14.77298522 1.13948160
[103, D]    -2.82218957 7.92427534 14.77298522 2.27896319
[104, A]    -2.41762932 5.68150825 14.35090718 2.27896319
[105, A]    -2.31616980 5.35434849 11.00757883 0.34253109
[106, D]    -2.31616980 5.35434849 11.00757883 0.68506218
[107, A]    -2.16825042 4.68544637 10.06297584 0.68506218
[108, C]    -2.02388383 4.01576354 9.78936087 1.37012435
[109, A]    -1.84672162 3.37899428 8.20233489 0.66095502
[110, D]    -1.84672162 3.37899428 8.20233489 1.32191005
[111, A]    -1.49316572 2.10524218 7.76096610 1.32191005
[112, A]    -1.39675685 1.94163503 5.75308249 0.18989989
[113, D]    -1.39675685 1.94163503 5.75308249 0.37979978
[114, A]    -1.26366995 1.58591639 5.13618168 0.37979978
[115, C]    -1.13604761 1.22817712 4.95241296 0.75959957
[116, D]    -1.13604761 1.22817712 10.45980657 1.51919913
[117, A]    -0.97765066 0.93071122 3.97405090 0.33700973
[118, D]    -0.97765066 0.93071122 3.97405090 0.67401946
[119, A]    -0.66049844 0.33597034 3.76302042 0.67401946
[120, A]    -0.58164327 0.33209075 2.50546195 0.07895055
[121, D]    -0.58164327 0.33209075 2.50546195 0.15790111
[122, A]    -0.47124711 0.21919500 2.16539684 0.15790111
[123, C]    -0.36897950 0.09862734 2.01486890 0.31580222
[124, D]    -0.36897950 0.09862734 4.22556671 0.63160444
[125, A]    -0.20799329 0.01734465 1.52641460 0.18034255
[126, D]    -0.20799329 0.01734465 1.52641460 0.36068511
[127, A]    -0.01262982 -0.03800737 1.17109026 0.20305351
[128, D]    -0.01262982 -0.03800737 1.17109026 0.40610703
[129, A]    0.10466262 -0.00280325 0.82055595 0.12246161
[130, D]    0.10466262 -0.00280325 0.82055595 0.24492322
[131, A]    0.34125903 0.06051754 0.74687013 0.24492322
[132, A]    0.39530719 0.15334657 0.36650674 0.10741710
[133, D]    0.39530719 0.15334657 0.36650674 0.21483419
[134, A]    0.56457160 0.28564657 0.29912262 0.21483419
[135, A]    0.62172265 0.38327281 0.14416059 0.11312439
[136, D]    0.62172265 0.38327281 0.14416059 0.22624877
[137, A]    0.76196666 0.56081189 0.09578987 0.22624877
[138, A]    0.80999346 0.65378283 0.03663451 0.10464305
[139, D]    0.80999346 0.65378283 0.03663451 0.20928610
[140, A]    0.91894087 0.83247568 0.02091456 0.20928610
[141, A]    0.94281460 0.88832942 0.00330265 0.06074204
[142, D]    0.94281460 0.88832942 0.00330265 0.12148407
[143, A]    0.99414841 0.98569589 0.00072865 0.11006993
[144, D]    0.99414841 0.98569589 0.00072865 0.22013987
[145, A]    0.99798041 0.99595022 0.00000410 0.01094694
[146, D]    0.99798041 0.99595022 0.00000410 0.02189387
[147, A]    0.99999409 0.99998412 0.00000000 0.00450857
[148, D]    0.99999409 0.99998412 0.00000000 0.00901715
[149, A]    1.00000000 0.99999999 0.00000000 0.00001694
[150, D]    1.00000000 0.99999999 0.00000000 0.00003387
[151, A]    1.00000000 1.00000000 0.00000000 0.00000001
[152, D]    1.00000000 1.00000000 0.00000000 0.00000002
[153, A]    1.00000000 1.00000000 0.00000000 0.00000000
[154, D]    1.00000000 1.00000000 0.00000000 0.00000000
